19.998340 0.598491 0.598491
20.124580 0.596391 0.596391
22.289380 0.578267 0.578267
19.794610 0.597279 0.597279
20.057020 0.596936 0.596936
22.248830 0.578756 0.578756
19.771310 0.597608 0.597608
20.046690 0.597086 0.597086
20.134220 0.596129 0.596129
20.136420 0.596023 0.596023
20.136250 0.596013 0.596013
20.136280 0.596012 0.596012
22.295460 0.578226 0.578226
19.798110 0.597235 0.597235
20.058540 0.596914 0.596914
20.135770 0.596095 0.596095
20.136290 0.596003 0.596003
20.136290 0.596010 0.596010
20.136280 0.596011 0.596011
20.136280 0.596011 0.596011
20.136280 0.596011 0.596011
20.136280 0.596011 0.596011
20.136280 0.596011 0.596011
20.136280 0.596011 0.596011
20.136280 0.596011 0.596011
20.136280 0.596011 0.596011
20.136280 0.596011 0.596011
20.136280 0.596011 0.596011
20.136280 0.596011 0.596011
20.136280 0.596011 0.596011
